(3,128) -> (277,587)
(3,129) -> (280,590)
(3,130) -> (310,588)
(3,131) -> (324,587)
(3,132) -> (337,587)
(3,133) -> (370,586)
(3,134) -> (384,584)
(3,135) -> (394,587)
(3,136) -> (433,588)
(3,137) -> (442,585)
(3,138) -> (461,584)
(3,139) -> (488,583)
(3,140) -> (499,584)
(3,141) -> (512,585)
(3,142) -> (524,586)
(3,143) -> (558,590)
(3,144) -> (568,592)
(3,145) -> (577,594)
(3,164) -> (585,566)
(3,165) -> (577,563)
(3,166) -> (563,560)
(3,167) -> (544,559)
(3,168) -> (528,559)
(3,169) -> (507,557)
(3,170) -> (492,557)
(3,171) -> (471,557)
(3,172) -> (457,560)
(3,173) -> (434,558)
(3,174) -> (418,558)
(3,175) -> (397,556)
(3,176) -> (381,556)
(3,177) -> (360,558)
(3,178) -> (345,558)
(3,179) -> (323,560)
(3,180) -> (309,561)
(3,181) -> (301,545)
(3,182) -> (320,532)
(3,183) -> (336,532)
(3,184) -> (358,532)
(3,185) -> (370,532)
(3,186) -> (391,530)
(3,187) -> (409,530)
(3,188) -> (426,530)
(3,189) -> (444,530)
(3,190) -> (462,528)
(3,191) -> (478,527)
(3,192) -> (499,528)
(3,193) -> (514,528)
(3,194) -> (534,529)
(3,195) -> (552,530)
(3,196) -> (567,533)
(3,197) -> (586,536)
(3,198) -> (593,537)
(4,15) -> (588,509)
(4,16) -> (577,509)
(4,17) -> (564,508)
(4,18) -> (545,507)
(4,19) -> (530,507)
(4,20) -> (510,506)
(4,21) -> (492,506)
(4,22) -> (474,505)
(4,23) -> (457,503)
(4,24) -> (438,504)
(4,25) -> (424,506)
(4,26) -> (405,505)
(4,27) -> (388,505)
(4,28) -> (367,504)
(4,29) -> (353,504)
(4,30) -> (334,505)
(4,31) -> (317,508)
(4,32) -> (318,492)
(4,33) -> (325,480)
(4,34) -> (334,479)
(4,35) -> (354,479)
(4,36) -> (369,479)
(4,37) -> (384,478)
(4,38) -> (402,478)
(4,39) -> (422,478)
(4,40) -> (438,478)
(4,41) -> (456,478)
(4,42) -> (469,475)
(4,43) -> (490,477)
(4,44) -> (505,477)
(4,45) -> (524,476)
(4,46) -> (538,476)
(4,47) -> (558,479)
(4,48) -> (575,481)
(4,49) -> (592,483)
(4,50) -> (595,479)
(4,66) -> (598,453)
(4,67) -> (586,451)
(4,68) -> (574,453)
(4,69) -> (555,448)
(4,70) -> (538,450)
(4,71) -> (520,450)
(4,72) -> (507,447)
(4,73) -> (482,447)
(4,74) -> (469,452)
(4,75) -> (453,452)
(4,76) -> (436,454)
(4,77) -> (418,453)
(4,78) -> (402,454)
(4,79) -> (384,452)
(4,80) -> (368,454)
(4,81) -> (347,455)
(4,82) -> (333,456)
(4,83) -> (343,433)
(4,84) -> (360,428)
(4,85) -> (375,428)
(4,86) -> (395,429)
(4,87) -> (413,427)
(4,88) -> (428,425)
(4,89) -> (447,425)
(4,90) -> (463,422)
(4,91) -> (479,423)
(4,92) -> (491,419)
(4,93) -> (509,419)
(4,94) -> (529,418)
(4,95) -> (541,419)
(4,96) -> (565,422)
(4,97) -> (579,422)
(4,98) -> (591,422)
(4,114) -> (594,394)
(4,115) -> (586,394)
(4,116) -> (570,394)
(4,117) -> (554,393)
(4,118) -> (538,394)
(4,119) -> (521,394)
(4,120) -> (506,395)
(4,121) -> (487,395)
(4,122) -> (475,396)
(4,123) -> (457,397)
(4,124) -> (442,398)
(4,125) -> (424,399)
(4,126) -> (407,400)
(4,127) -> (390,399)
(4,128) -> (378,401)
(4,129) -> (358,403)
(4,130) -> (335,405)
(4,131) -> (329,399)
(4,132) -> (347,379)
(4,133) -> (365,378)
(4,134) -> (377,376)
(4,135) -> (396,374)
(4,136) -> (410,373)
(4,137) -> (429,373)
(4,138) -> (445,372)
(4,139) -> (462,370)
(4,140) -> (470,369)
(4,141) -> (477,369)
(4,142) -> (494,367)
(4,143) -> (508,366)
(4,144) -> (525,365)
(4,145) -> (541,365)
(4,146) -> (559,365)
(4,147) -> (573,365)
(4,148) -> (588,365)
(4,149) -> (597,365)
(4,163) -> (598,347)
(4,164) -> (588,345)
(4,165) -> (576,344)
(4,166) -> (556,343)
(4,167) -> (543,341)
(4,168) -> (526,343)
(4,169) -> (513,344)
(4,170) -> (491,342)
(4,171) -> (479,343)
(4,172) -> (462,345)
(4,173) -> (449,347)
(4,174) -> (429,351)
(4,175) -> (417,350)
(4,176) -> (398,352)
(4,177) -> (385,353)
(4,178) -> (364,354)
(4,179) -> (349,354)
(4,180) -> (330,356)
(4,181) -> (327,341)
(4,182) -> (343,332)
(4,183) -> (353,331)
(4,184) -> (375,328)
(4,185) -> (384,327)
(4,186) -> (407,324)
(4,187) -> (424,324)
(4,188) -> (440,324)
(4,189) -> (457,324)
(4,190) -> (480,324)
(4,191) -> (493,324)
(4,192) -> (510,325)
(4,193) -> (525,324)
(4,194) -> (542,325)
(4,195) -> (558,326)
(4,196) -> (570,327)
(4,197) -> (590,328)
(4,198) -> (590,328)
(5,10) -> (591,309)
(5,11) -> (593,309)
(5,12) -> (575,308)
(5,13) -> (561,310)
(5,14) -> (543,316)
(5,15) -> (528,314)
(5,16) -> (509,305)
(5,17) -> (494,305)
(5,18) -> (479,308)
(5,19) -> (465,313)
(5,20) -> (446,309)
(5,21) -> (431,311)
(5,22) -> (412,308)
(5,23) -> (394,308)
(5,24) -> (382,310)
(5,25) -> (362,312)
(5,26) -> (348,311)
(5,27) -> (335,317)
(5,28) -> (315,318)
(5,29) -> (309,309)
(5,30) -> (338,291)
(5,31) -> (352,290)
(5,32) -> (368,292)
(5,33) -> (390,295)
(5,34) -> (402,292)
(5,35) -> (418,289)
(5,36) -> (434,290)
(5,37) -> (449,290)
(5,38) -> (463,290)
(5,39) -> (476,288)
(5,40) -> (494,287)
(5,41) -> (507,289)
(5,42) -> (517,286)
(5,43) -> (533,286)
(5,44) -> (552,289)
(5,45) -> (566,290)
(5,46) -> (583,288)
(5,47) -> (596,289)
(5,48) -> (596,289)
(5,49) -> (596,289)
(5,56) -> (598,266)
(5,57) -> (598,266)
(5,58) -> (575,266)
(5,59) -> (567,267)
(5,60) -> (559,272)
(5,61) -> (538,270)
(5,62) -> (522,270)
(5,63) -> (513,267)
(5,64) -> (490,268)
(5,65) -> (474,268)
(5,66) -> (467,269)
(5,67) -> (452,270)
(5,68) -> (424,270)
(5,69) -> (418,270)
(5,70) -> (391,271)
(5,71) -> (380,270)
(5,72) -> (372,274)
(5,73) -> (365,269)
(5,74) -> (367,256)
(5,75) -> (378,254)
(5,76) -> (399,251)
(5,77) -> (405,251)
(5,78) -> (418,256)
(5,79) -> (439,256)
(5,80) -> (455,252)
(5,81) -> (466,255)
(5,82) -> (493,256)
(5,83) -> (499,249)
(5,84) -> (507,248)
(5,85) -> (536,246)
(5,86) -> (544,246)
(5,87) -> (558,248)
(5,88) -> (580,248)
(5,89) -> (586,248)
(5,90) -> (594,247)
(5,91) -> (594,248)
(5,97) -> (572,227)
(5,98) -> (565,226)
(5,99) -> (558,226)
(5,100) -> (537,227)
(5,101) -> (522,228)
(5,102) -> (514,229)
(5,103) -> (483,233)
(5,104) -> (475,233)
(5,105) -> (459,234)
(5,106) -> (439,234)
(5,107) -> (430,233)
(5,108) -> (412,232)
(5,109) -> (393,230)
(5,110) -> (385,218)
(5,111) -> (391,208)
(5,112) -> (426,211)
(5,113) -> (435,212)
(5,114) -> (456,214)
(5,115) -> (474,214)
(5,116) -> (480,214)
(5,117) -> (501,213)
(5,118) -> (516,211)
(5,119) -> (527,211)
(5,120) -> (545,209)
(5,121) -> (559,208)
(5,122) -> (566,207)
(5,123) -> (579,207)
(5,124) -> (597,207)
(5,125) -> (598,208)
(5,126) -> (598,189)
(5,127) -> (598,188)
(5,128) -> (589,189)
(5,129) -> (575,189)
(5,130) -> (560,189)
(5,131) -> (552,190)
(5,132) -> (537,191)
(5,133) -> (520,192)
(5,134) -> (511,195)
(5,135) -> (491,194)
(5,136) -> (474,194)
(5,137) -> (463,194)
(5,138) -> (446,192)
(5,139) -> (432,191)
(5,140) -> (423,190)
(5,141) -> (427,180)
(5,142) -> (436,172)
(5,143) -> (451,173)
(5,144) -> (463,174)
(5,145) -> (483,177)
(5,146) -> (493,176)
(5,147) -> (512,174)
(5,148) -> (524,173)
(5,149) -> (538,172)
(5,150) -> (553,170)
(5,151) -> (568,168)
(5,152) -> (577,167)
(5,153) -> (586,158)
(5,154) -> (593,152)
(5,155) -> (593,152)
(5,156) -> (579,147)
(5,157) -> (564,149)
(5,158) -> (551,150)
(5,159) -> (542,151)
(5,160) -> (527,153)
(5,161) -> (515,154)
(5,162) -> (504,155)
(5,163) -> (490,155)
(5,164) -> (475,156)
(5,165) -> (455,155)
(5,166) -> (448,149)
(5,167) -> (452,139)
(5,168) -> (469,140)
(5,169) -> (484,141)
(5,170) -> (500,140)
(5,171) -> (514,138)
(5,172) -> (527,137)
(5,173) -> (541,135)
(5,174) -> (552,134)
(5,175) -> (554,130)
(5,176) -> (540,123)
(5,177) -> (527,121)
(5,178) -> (514,122)
(5,179) -> (502,124)
(5,180) -> (490,125)
(5,181) -> (473,125)
(5,182) -> (461,125)
(5,183) -> (447,124)
(5,184) -> (441,123)
(5,185) -> (456,110)
(5,186) -> (462,110)
(5,187) -> (474,110)
(5,188) -> (488,110)
(5,189) -> (502,109)
(5,190) -> (516,106)
(5,191) -> (514,101)
(5,192) -> (502,98)
(5,193) -> (488,97)
(5,194) -> (475,97)
(5,195) -> (461,97)
(5,196) -> (447,97)
(5,197) -> (443,97)
(5,198) -> (456,86)
(5,199) -> (462,85)
(6,0) -> (475,83)
(6,1) -> (475,80)
(6,2) -> (463,75)
(6,3) -> (452,70)
(6,4) -> (449,68)
(3,128) -> (278,587)
(3,129) -> (281,590)
(3,130) -> (302,588)
(3,131) -> (322,587)
(3,132) -> (337,587)
(3,133) -> (361,585)
(3,134) -> (379,586)
(3,135) -> (394,587)
(3,136) -> (417,585)
(3,137) -> (438,585)
(3,138) -> (448,584)
(3,139) -> (474,584)
(3,140) -> (496,584)
(3,141) -> (504,583)
(3,142) -> (524,586)
(3,143) -> (542,588)
(3,144) -> (564,591)
(3,145) -> (578,593)
(3,146) -> (577,594)
(3,166) -> (584,566)
(3,167) -> (576,563)
(3,168) -> (559,560)
(3,169) -> (540,560)
(3,170) -> (520,557)
(3,171) -> (498,558)
(3,172) -> (480,556)
(3,173) -> (462,561)
(3,174) -> (442,558)
(3,175) -> (425,559)
(3,176) -> (408,557)
(3,177) -> (389,557)
(3,178) -> (366,557)
(3,179) -> (352,559)
(3,180) -> (330,558)
(3,181) -> (315,562)
(3,182) -> (298,551)
(3,183) -> (312,532)
(3,184) -> (334,532)
(3,185) -> (348,532)
(3,186) -> (368,532)
(3,187) -> (381,531)
(3,188) -> (401,530)
(3,189) -> (420,530)
(3,190) -> (441,530)
(3,191) -> (455,530)
(3,192) -> (476,527)
(3,193) -> (489,529)
(3,194) -> (513,528)
(3,195) -> (527,531)
(3,196) -> (548,530)
(3,197) -> (566,532)
(3,198) -> (583,535)
(3,199) -> (593,537)
(4,17) -> (585,511)
(4,18) -> (571,509)
(4,19) -> (551,507)
(4,20) -> (537,507)
(4,21) -> (518,508)
(4,22) -> (501,506)
(4,23) -> (481,506)
(4,24) -> (463,504)
(4,25) -> (444,504)
(4,26) -> (430,505)
(4,27) -> (409,505)
(4,28) -> (396,505)
(4,29) -> (373,504)
(4,30) -> (357,504)
(4,31) -> (338,505)
(4,32) -> (322,507)
(4,33) -> (315,498)
(4,34) -> (326,480)
(4,35) -> (347,478)
(4,36) -> (366,479)
(4,37) -> (381,478)
(4,38) -> (399,478)
(4,39) -> (416,477)
(4,40) -> (432,478)
(4,41) -> (450,478)
(4,42) -> (467,475)
(4,43) -> (481,473)
(4,44) -> (502,475)
(4,45) -> (516,478)
(4,46) -> (537,475)
(4,47) -> (550,477)
(4,48) -> (571,479)
(4,49) -> (588,482)
(4,50) -> (596,482)
(4,66) -> (599,453)
(4,67) -> (586,448)
(4,68) -> (574,453)
(4,69) -> (560,450)
(4,70) -> (552,448)
(4,71) -> (544,447)
(4,72) -> (524,448)
(4,73) -> (510,447)
(4,74) -> (491,446)
(4,75) -> (477,447)
(4,76) -> (460,451)
(4,77) -> (445,452)
(4,78) -> (428,453)
(4,79) -> (409,453)
(4,80) -> (394,452)
(4,81) -> (373,453)
(4,82) -> (360,454)
(4,83) -> (340,455)
(4,84) -> (338,442)
(4,85) -> (351,428)
(4,86) -> (370,428)
(4,87) -> (385,429)
(4,88) -> (405,428)
(4,89) -> (418,426)
(4,90) -> (439,425)
(4,91) -> (452,422)
(4,92) -> (470,423)
(4,93) -> (485,420)
(4,94) -> (502,419)
(4,95) -> (521,418)
(4,96) -> (534,418)
(4,97) -> (552,420)
(4,98) -> (569,421)
(4,99) -> (591,422)
(4,100) -> (591,422)
(4,116) -> (594,394)
(4,117) -> (578,394)
(4,118) -> (564,393)
(4,119) -> (539,394)
(4,120) -> (529,393)
(4,121) -> (507,394)
(4,122) -> (494,394)
(4,123) -> (475,396)
(4,124) -> (466,397)
(4,125) -> (447,397)
(4,126) -> (430,399)
(4,127) -> (410,400)
(4,128) -> (398,400)
(4,129) -> (381,401)
(4,130) -> (367,405)
(4,131) -> (341,406)
(4,132) -> (325,406)
(4,133) -> (344,381)
(4,134) -> (358,382)
(4,135) -> (376,376)
(4,136) -> (393,374)
(4,137) -> (407,373)
(4,138) -> (427,373)
(4,139) -> (439,372)
(4,140) -> (459,370)
(4,141) -> (472,368)
(4,142) -> (491,367)
(4,143) -> (505,365)
(4,144) -> (523,365)
(4,145) -> (535,364)
(4,146) -> (555,365)
(4,147) -> (569,364)
(4,148) -> (586,365)
(4,149) -> (597,365)
(4,163) -> (598,347)
(4,164) -> (590,345)
(4,165) -> (578,344)
(4,166) -> (564,343)
(4,167) -> (545,342)
(4,168) -> (532,341)
(4,169) -> (516,343)
(4,170) -> (498,343)
(4,171) -> (482,343)
(4,172) -> (467,345)
(4,173) -> (451,346)
(4,174) -> (437,348)
(4,175) -> (419,350)
(4,176) -> (401,351)
(4,177) -> (393,351)
(4,178) -> (385,352)
(4,179) -> (370,353)
(4,180) -> (350,354)
(4,181) -> (336,354)
(4,182) -> (327,343)
(4,183) -> (337,332)
(4,184) -> (352,331)
(4,185) -> (369,329)
(4,186) -> (383,327)
(4,187) -> (401,324)
(4,188) -> (413,324)
(4,189) -> (433,324)
(4,190) -> (448,324)
(4,191) -> (468,324)
(4,192) -> (485,324)
(4,193) -> (503,325)
(4,194) -> (519,324)
(4,195) -> (535,324)
(4,196) -> (550,325)
(4,197) -> (568,327)
(4,198) -> (583,328)
(4,199) -> (590,328)
(5,12) -> (592,308)
(5,13) -> (580,308)
(5,14) -> (567,307)
(5,15) -> (552,318)
(5,16) -> (535,312)
(5,17) -> (518,305)
(5,18) -> (504,305)
(5,19) -> (488,309)
(5,20) -> (474,310)
(5,21) -> (456,310)
(5,22) -> (440,310)
(5,23) -> (422,308)
(5,24) -> (405,308)
(5,25) -> (387,311)
(5,26) -> (377,313)
(5,27) -> (360,310)
(5,28) -> (344,312)
(5,29) -> (324,321)
(5,30) -> (311,315)
(5,31) -> (300,316)
(5,32) -> (346,291)
(5,33) -> (354,290)
(5,34) -> (367,291)
(5,35) -> (397,295)
(5,36) -> (404,290)
(5,37) -> (417,290)
(5,38) -> (445,293)
(5,39) -> (452,288)
(5,40) -> (469,288)
(5,41) -> (489,289)
(5,42) -> (500,287)
(5,43) -> (515,286)
(5,44) -> (537,288)
(5,45) -> (544,286)
(5,46) -> (560,287)
(5,47) -> (582,287)
(5,48) -> (590,288)
(5,49) -> (596,289)
(5,57) -> (598,266)
(5,58) -> (577,266)
(5,59) -> (573,266)
(5,60) -> (563,267)
(5,61) -> (547,267)
(5,62) -> (529,273)
(5,63) -> (516,267)
(5,64) -> (496,267)
(5,65) -> (480,268)
(5,66) -> (468,269)
(5,67) -> (457,269)
(5,68) -> (435,271)
(5,69) -> (418,270)
(5,70) -> (398,269)
(5,71) -> (382,270)
(5,72) -> (372,273)
(5,73) -> (365,266)
(5,74) -> (363,268)
(5,75) -> (369,256)
(5,76) -> (384,252)
(5,77) -> (401,251)
(5,78) -> (418,255)
(5,79) -> (429,252)
(5,80) -> (448,257)
(5,81) -> (459,254)
(5,82) -> (471,252)
(5,83) -> (493,256)
(5,84) -> (497,253)
(5,85) -> (507,248)
(5,86) -> (516,249)
(5,87) -> (534,247)
(5,88) -> (554,250)
(5,89) -> (566,247)
(5,90) -> (581,247)
(5,91) -> (595,247)
(5,96) -> (599,229)
(5,97) -> (588,228)
(5,98) -> (587,227)
(5,99) -> (568,226)
(5,100) -> (554,226)
(5,101) -> (544,228)
(5,102) -> (523,228)
(5,103) -> (508,229)
(5,104) -> (500,230)
(5,105) -> (479,232)
(5,106) -> (462,233)
(5,107) -> (453,232)
(5,108) -> (435,233)
(5,109) -> (415,231)
(5,110) -> (408,230)
(5,111) -> (379,207)
(5,112) -> (392,208)
(5,113) -> (414,210)
(5,114) -> (436,212)
(5,115) -> (451,214)
(5,116) -> (459,215)
(5,117) -> (488,213)
(5,118) -> (494,214)
(5,119) -> (504,214)
(5,120) -> (532,210)
(5,121) -> (538,210)
(5,122) -> (551,209)
(5,123) -> (573,206)
(5,124) -> (579,207)
(5,125) -> (586,207)
(5,126) -> (586,208)
(5,129) -> (588,188)
(5,130) -> (580,187)
(5,131) -> (565,188)
(5,132) -> (548,190)
(5,133) -> (541,191)
(5,134) -> (534,192)
(5,135) -> (507,197)
(5,136) -> (499,194)
(5,137) -> (482,194)
(5,138) -> (463,194)
(5,139) -> (449,193)
(5,140) -> (432,191)
(5,141) -> (426,190)
(5,142) -> (422,185)
(5,143) -> (436,172)
(5,144) -> (443,172)
(5,145) -> (455,173)
(5,146) -> (483,176)
(5,147) -> (488,176)
(5,148) -> (496,176)
(5,149) -> (524,173)
(5,150) -> (537,171)
(5,151) -> (551,170)
(5,152) -> (559,169)
(5,153) -> (574,168)
(5,154) -> (590,167)
(5,155) -> (592,156)
(5,156) -> (583,150)
(5,157) -> (568,147)
(5,158) -> (560,148)
(5,159) -> (542,151)
(5,160) -> (524,154)
(5,161) -> (512,154)
(5,162) -> (497,155)
(5,163) -> (485,156)
(5,164) -> (468,156)
(5,165) -> (454,155)
(5,166) -> (448,149)
(5,167) -> (452,139)
(5,168) -> (471,140)
(5,169) -> (484,141)
(5,170) -> (500,140)
(5,171) -> (511,139)
(5,172) -> (526,137)
(5,173) -> (537,136)
(5,174) -> (552,134)
(5,175) -> (557,131)
(5,176) -> (540,123)
(5,177) -> (531,121)
(5,178) -> (515,122)
(5,179) -> (504,123)
(5,180) -> (490,125)
(5,181) -> (477,125)
(5,182) -> (462,124)
(5,183) -> (450,124)
(5,184) -> (441,123)
(5,185) -> (456,110)
(5,186) -> (462,110)
(5,187) -> (473,110)
(5,188) -> (488,110)
(5,189) -> (502,109)
(5,190) -> (510,108)
(5,191) -> (514,107)
(5,192) -> (517,102)
(5,193) -> (503,98)
(5,194) -> (490,97)
(5,195) -> (478,97)
(5,196) -> (462,97)
(5,197) -> (448,97)
(5,198) -> (443,97)
(5,199) -> (455,87)
(6,0) -> (461,85)
(6,1) -> (474,83)
(6,2) -> (476,81)
(6,3) -> (464,76)
(6,4) -> (455,71)
(6,5) -> (449,67)
